0.0 
0.030303030303030304 
0.06060606060606061 
0.09090909090909091 
0.12121212121212122 
0.15151515151515152 
0.18181818181818182 
0.21212121212121213 
0.24242424242424243 
0.2727272727272727 
0.30303030303030304 
0.33333333333333337 
0.36363636363636365 
0.3939393939393939 
0.42424242424242425 
0.4545454545454546 
0.48484848484848486 
0.5151515151515151 
0.5454545454545454 
0.5757575757575758 
0.6060606060606061 
0.6363636363636364 
0.6666666666666667 
0.696969696969697 
0.7272727272727273 
0.7575757575757576 
0.7878787878787878 
0.8181818181818182 
0.8484848484848485 
0.8787878787878788 
0.9090909090909092 
0.9393939393939394 
0.9696969696969697 
1.0 
1.0303030303030303 
1.0606060606060606 
1.0909090909090908 
1.1212121212121213 
1.1515151515151516 
1.1818181818181819 
1.2121212121212122 
1.2424242424242424 
1.2727272727272727 
1.303030303030303 
1.3333333333333335 
1.3636363636363638 
1.393939393939394 
1.4242424242424243 
1.4545454545454546 
1.4848484848484849 
1.5151515151515151 
1.5454545454545454 
1.5757575757575757 
1.6060606060606062 
1.6363636363636365 
1.6666666666666667 
1.696969696969697 
1.7272727272727273 
1.7575757575757576 
1.7878787878787878 
1.8181818181818183 
1.8484848484848486 
1.878787878787879 
1.9090909090909092 
1.9393939393939394 
1.9696969696969697 
2.0 
2.0303030303030303 
2.0606060606060606 
2.090909090909091 
2.121212121212121 
2.1515151515151514 
2.1818181818181817 
2.2121212121212124 
2.2424242424242427 
2.272727272727273 
2.303030303030303 
2.3333333333333335 
2.3636363636363638 
2.393939393939394 
2.4242424242424243 
2.4545454545454546 
2.484848484848485 
2.515151515151515 
2.5454545454545454 
2.5757575757575757 
2.606060606060606 
2.6363636363636362 
2.666666666666667 
2.6969696969696972 
2.7272727272727275 
2.757575757575758 
2.787878787878788 
2.8181818181818183 
2.8484848484848486 
2.878787878787879 
2.909090909090909 
2.9393939393939394 
2.9696969696969697 
3.0 
